>NRF1
A  [  41  987   35   59    1 2831   21    0    5    3    8 1301]
C  [1024    6 2831    5 2831   43  121    4 2831   40 2831  497]
G  [  26 2831    9 2831    0   64   46 2831    4 2831   12  446]
T  [1807    0    2    4    1   20 2831    2   48   64  657  587]
>ELF1
A  [95 113 16   5   0   1   0 117 119  10   3  48]
C  [ 5   6 97 115 117   0   0   0   0   0   5  11]
G  [ 1   4  0  11   6 174 173   0   1 167   8  81]
T  [30   6 16   0   2   0   5   1   7   0 139   5]
>SP1
A  [3499  891  287 1622   20 2011    0    6    5 1470 1116]
C  [ 169 3265 3265 1643 3265   58 3265 3265 3265 1795 3265]
G  [3265  156   81  171    6 3265    1    2    0   59  660]
T  [ 624  306  696    8    6 1353   10    5  665  448 1272]
>MAX
A  [3307 1915   39 6876    0  329   69    0 1341 1122]
C  [1556 2809 6876    0 6876   39  159   27 2450 2225]
G  [1295 1514    0   87    7 6876   20 6876 1638  986]
T  [ 719  637    0   38  229   19 6876   36 1446 2543]
>SP1JASPAR
A  [1 2 0 0 0 2 0 0 1 2 ]
C  [1 1 0 0 5 0 1 0 1 0 ]
G  [4 4 8 8 2 4 5 6 6 0 ]
T  [2 1 0 0 1 2 2 2 0 6 ]
